image_width: 1344
image_height: 391
camera_name: narrow_stereo
camera_matrix:
  rows: 3
  cols: 3
  data: [903.2949, 0.000000, 663.9935, 0.000000, 907.9042, 245.2070, 0.000000, 0.000000, 1.000000]
distortion_model: plumb_bob
distortion_coefficients:
  rows: 1
  cols: 5
  data: [-0.3778799, 0.1824904, 0.001390637, 0.0000465934, -0.04730213]
rectification_matrix:
  rows: 3
  cols: 3
  data: [0.9998650, -0.01241631, -0.01076237, 0.01239131, 0.9999204, -0.002387250, 0.01079115, 0.002253568, 0.9999392]
projection_matrix:
  rows: 3
  cols: 4
  data: [679.0081, 0.000000, 659.8034, 0.000000, 0.000000, 679.0081, 186.5724, 0.000000, 0.000000, 0.000000, 1.000000, 0.000000]
